  
       XFOIL         Version 6.99
  
 Calculated polar for: NACA 2412                                       
  
 1 1 Reynolds number fixed          Mach number fixed         
  
 xtrf =   1.000 (top)        1.000 (bottom)  
 Mach =   0.000     Re =     1.000 e 6     Ncrit =   9.000  9.000
  
   alpha    CL        CD       CDp       CM     Top_Xtr  Bot_Xtr  Top_Itr  Bot_Itr
  ------ -------- --------- --------- -------- -------- -------- -------- --------
 -15.000  -1.1951   0.03408   0.02090  -0.0686   1.0000   0.0143   1.0000  92.3251
 -14.500  -1.1924   0.02985   0.01758  -0.0683   1.0000   0.0146   1.0000  92.4295
 -14.000  -1.1838   0.02722   0.01560  -0.0647   1.0000   0.0150   1.0000  92.5575
 -13.500  -1.1618   0.02513   0.01399  -0.0617   1.0000   0.0155   1.0000  92.7220
 -13.000  -1.1338   0.02339   0.01261  -0.0587   1.0000   0.0160   1.0000  92.8889
 -12.500  -1.1062   0.02179   0.01135  -0.0551   1.0000   0.0164   1.0000  93.0404
 -12.000  -1.0836   0.01992   0.00999  -0.0505   1.0000   0.0173   1.0000  93.3074
 -11.500  -1.0523   0.01885   0.00921  -0.0467   1.0000   0.0181   1.0000  93.5358
 -11.000  -1.0203   0.01784   0.00842  -0.0429   1.0000   0.0189   1.0000  93.7768
 -10.500  -0.9770   0.01695   0.00767  -0.0411   0.9994   0.0196   1.0787  93.9904
 -10.000  -0.9168   0.01537   0.00650  -0.0433   0.9964   0.0212   1.4361  94.4220
  -9.500  -0.8513   0.01453   0.00585  -0.0459   0.9938   0.0228   1.7605  94.8511
  -9.000  -0.7857   0.01344   0.00503  -0.0487   0.9915   0.0248   2.0275  95.3478
  -8.500  -0.7226   0.01270   0.00449  -0.0506   0.9868   0.0269   2.4471  95.8468
  -8.000  -0.6554   0.01181   0.00385  -0.0534   0.9836   0.0299   2.7374  96.4718
  -7.500  -0.5851   0.01111   0.00335  -0.0568   0.9811   0.0333   2.9641  97.1670
  -7.000  -0.5251   0.01049   0.00292  -0.0577   0.9724   0.0374   3.6427  97.9051
  -6.500  -0.4672   0.00988   0.00252  -0.0581   0.9628   0.0432   4.3541  98.8076
  -6.000  -0.4121   0.00934   0.00217  -0.0579   0.9516   0.0501   5.1301  99.7738
  -5.500  -0.3586   0.00889   0.00187  -0.0572   0.9378   0.0594   6.0370 100.8869
  -5.000  -0.3050   0.00847   0.00159  -0.0565   0.9224   0.0721   7.0153 102.1834
  -4.500  -0.2511   0.00806   0.00136  -0.0560   0.9046   0.0908   8.1250 103.7927
  -4.000  -0.1967   0.00770   0.00115  -0.0555   0.8848   0.1161   9.3493 105.6922
  -3.500  -0.1422   0.00738   0.00097  -0.0551   0.8627   0.1486  10.7058 107.9116
  -3.000  -0.0875   0.00708   0.00082  -0.0547   0.8387   0.1900  12.1737 110.5740
  -2.500  -0.0328   0.00682   0.00070  -0.0543   0.8117   0.2391  13.8251 113.6198
  -2.000   0.0220   0.00659   0.00061  -0.0540   0.7828   0.2958  15.5901 117.0679
  -1.500   0.0765   0.00636   0.00054  -0.0536   0.7519   0.3638  17.4734 121.1299
  -0.500   0.1838   0.00582   0.00047  -0.0526   0.6857   0.5774  21.5057 133.8170
   0.000   0.2371   0.00564   0.00049  -0.0520   0.6517   0.6795  23.5781 139.8383
   0.500   0.2897   0.00553   0.00054  -0.0511   0.6182   0.7735  25.6166 145.3658
   1.000   0.3413   0.00548   0.00061  -0.0498   0.5859   0.8601  27.5834 150.4549
   1.500   0.3923   0.00556   0.00071  -0.0482   0.5553   0.9269  29.4505 154.4341
   2.000   0.4496   0.00578   0.00079  -0.0481   0.5256   0.9675  31.2661 157.0429
   2.500   0.5186   0.00605   0.00087  -0.0508   0.4952   0.9855  33.1257 158.4608
   3.000   0.5927   0.00635   0.00095  -0.0549   0.4636   0.9942  35.0636 159.3052
   3.500   0.6666   0.00665   0.00103  -0.0589   0.4302   1.0000  37.1171 160.0000
   4.000   0.7146   0.00693   0.00107  -0.0573   0.3980   1.0000  39.1124 160.0000
   4.500   0.7624   0.00728   0.00113  -0.0557   0.3595   1.0000  41.5300 160.0000
   5.000   0.8094   0.00775   0.00125  -0.0540   0.3155   1.0000  44.3267 160.0000
   5.500   0.8558   0.00833   0.00144  -0.0522   0.2655   1.0000  47.5372 160.0000
   6.000   0.9019   0.00905   0.00170  -0.0505   0.2122   1.0000  51.0213 160.0000
   6.500   0.9484   0.00984   0.00202  -0.0489   0.1613   1.0000  54.4539 160.0000
   7.000   0.9947   0.01068   0.00239  -0.0474   0.1185   1.0000  57.5008 160.0000
   8.000   1.0875   0.01234   0.00321  -0.0445   0.0660   1.0000  61.9047 160.0000
   8.500   1.1342   0.01310   0.00361  -0.0431   0.0528   1.0000  63.3620 160.0000
   9.000   1.1798   0.01392   0.00405  -0.0416   0.0436   1.0000  64.5709 160.0000
   9.500   1.2244   0.01477   0.00451  -0.0400   0.0372   1.0000  65.5417 160.0000
  10.000   1.2674   0.01567   0.00501  -0.0381   0.0324   1.0000  66.3698 160.0000
  10.500   1.3071   0.01673   0.00561  -0.0358   0.0287   1.0000  67.0834 160.0000
  11.000   1.3469   0.01766   0.00613  -0.0336   0.0262   1.0000  67.6395 160.0000
  11.500   1.3781   0.01887   0.00680  -0.0300   0.0239   1.0000  68.1618 160.0000
  12.000   1.4090   0.02001   0.00744  -0.0265   0.0222   1.0000  68.5826 160.0000
  12.500   1.4295   0.02186   0.00854  -0.0221   0.0205   1.0000  69.0135 160.0000
  13.000   1.4570   0.02338   0.00946  -0.0191   0.0195   1.0000  69.2875 160.0000
  13.500   1.4804   0.02527   0.01063  -0.0160   0.0184   1.0000  69.6045 160.0000
  14.000   1.4923   0.02821   0.01253  -0.0127   0.0173   1.0000  69.9299 160.0000
  14.500   1.5063   0.03127   0.01461  -0.0103   0.0167   1.0000  70.1353 160.0000
  15.000   1.5196   0.03469   0.01698  -0.0086   0.0160   1.0000  70.3462 160.0000
